2018-09-15
25.198286
-99.89109
n
