2018-06-04
0
0
0
